Score 10 20 21 30 31 32 40 41 42 43 50 51 52 53 54 60 61 62 70 71 00 11 22 33 44 55 01 02 12 03 13 23 04 14 24 34 05 15 25 06 16 26 07 17 
Cardiff_H 6.67 7.09 7.84 9.84 11.17 22.05 17.94 20.44 40.89 113.56 36.43 40.29 79.0 239.33 421.0 71.33 81.0 129.33 159.33 184.33 14.95 8.11 15.7 64.97 285.25 401.0 16.78 33.54 19.8 96.08 52.66 51.02 259.22 176.33 174.11 242.56 351.0 376.0 376.0 151.0 151.0 151.0 151.0 151.0 
Birmingham_A 7.06 9.76 8.49 20.2 18.79 29.73 56.89 51.11 83.0 168.0 142.43 134.57 221.0 301.0 401.0 242.67 234.33 301.0 151.0 151.0 8.620000000000001 5.99 14.53 65.26 289.78 401.0 8.66 15.19 11.6 36.3 28.46 38.47 115.33 95.33 121.89 204.22 290.29 268.86 247.43 151.0 151.0 151.0 151.0 151.0 
WestBrom_H 7.22 10.1 8.4 18.12 15.6 24.43 44.67 39.33 64.11 128.56 111.0 99.0 165.29 321.0 401.0 163.5 163.5 213.5 151.0 151.0 10.31 6.44 12.84 52.68 259.22 401.0 9.4 16.880000000000003 11.1 39.56 26.07 33.55 119.78 89.11 110.89 170.22 286.71 265.29 254.57 151.0 126.0 151.0 151.0 151.0 
Ipswich_A 9.53 15.78 10.56 31.01 21.94 27.1 89.11 59.67 75.78 128.0 229.57 169.57 208.14 321.0 401.0 313.5 238.5 288.5 151.0 151.0 11.57 6.55 11.99 45.76 245.33 401.0 8.83 12.0 8.75 21.79 17.27 22.73 54.11 40.56 56.33 110.22 128.14 108.14 146.71 188.5 201.0 213.5 151.0 151.0 
SheffWednesday_H 7.55 7.31 8.04 9.82 10.77 22.25 18.22 19.11 38.78 103.67 35.14 39.14 72.57 198.5 331.0 64.67 73.0 117.67 142.67 151.0 16.07 8.41 15.73 62.44 231.44 301.0 17.28 35.23 18.45 97.37 51.61 48.89 231.44 163.0 147.44 190.89 271.0 288.5 296.83 151.0 151.0 151.0 151.0 151.0 
Millwall_A 7.5 9.58 8.34 16.57 15.32 24.3 40.33 35.0 55.22 118.56 96.14 88.29 131.0 280.17 421.0 192.67 167.67 188.5 126.0 126.0 11.9 6.47 13.2 55.47 234.22 401.0 9.75 18.57 11.72 43.77 28.56 34.03 128.56 89.11 104.22 159.11 296.83 272.43 258.14 151.0 126.0 126.0 151.0 151.0 
Hull_A 8.16 9.86 8.07 16.35 13.98 20.14 37.56 29.67 45.89 92.56 78.14 69.71 97.57 235.17 391.0 167.67 136.0 184.33 288.5 263.5 14.72 6.76 11.91 41.48 215.33 401.0 10.84 19.43 11.9 42.61 26.23 29.22 123.56 79.11 85.33 140.22 293.86 219.57 240.29 151.0 151.0 151.0 151.0 151.0 
Watford_H 7.47 8.92 8.05 13.89 12.89 21.56 28.22 25.67 44.22 100.89 61.57 56.71 94.71 242.67 411.0 114.33 111.0 167.67 226.0 213.5 13.78 7.21 14.0 54.11 248.11 401.0 11.74 25.11 13.89 60.78 36.44 39.0 161.33 108.67 115.33 159.11 351.0 288.5 296.83 151.0 151.0 151.0 151.0 151.0 
Southampton_A 10.02 12.81 8.690000000000001 20.73 15.58 19.66 50.22 34.67 47.44 83.11 112.43 83.29 109.57 218.5 381.0 163.5 167.67 163.5 151.0 151.0 16.39 6.8 10.72 33.02 173.56 401.0 12.07 16.65 10.26 30.69 20.24 22.97 85.78 50.78 61.22 98.67 198.86 141.0 148.14 126.0 188.5 213.5 151.0 151.0 
QPR_H 7.56 6.77 8.25 8.27 9.87 21.66 13.56 16.939999999999998 39.0 106.44 24.86 30.14 63.86 198.5 421.0 46.0 56.0 104.33 94.33 111.0 17.11 9.53 18.72 66.08 287.0 401.0 22.43 45.21 22.77 130.01 65.69 58.23 304.0 253.67 206.44 250.89 351.0 351.0 351.0 151.0 151.0 151.0 151.0 151.0 
Bristol_H 6.92 7.06 8.04 9.6 11.2 22.67 18.31 20.38 44.0 115.88 35.43 41.0 83.29 263.5 421.0 73.0 76.33 136.0 151.0 176.0 13.69 7.42 15.82 59.64 297.29 401.0 16.33 32.67 17.58 88.21 48.15 47.89 263.38 172.75 172.75 222.75 351.0 351.0 376.0 151.0 151.0 151.0 151.0 151.0 
Norwich_A 8.11 10.47 8.29 16.869999999999997 14.12 20.91 40.56 31.56 47.0 94.89 89.71 76.71 111.0 259.33 401.0 176.0 151.0 209.33 326.0 301.0 13.21 6.8 12.03 42.48 217.56 401.0 10.31 17.67 11.13 37.45 23.73 27.51 104.22 67.56 80.33 118.67 254.57 216.71 236.71 151.0 288.5 126.0 151.0 151.0 
Stoke_A 7.31 9.21 8.05 14.31 13.51 21.94 33.67 30.22 49.11 113.0 72.71 68.14 109.57 296.83 421.0 136.0 129.33 201.0 288.5 263.5 12.78 6.24 13.0 48.67 225.78 401.0 10.58 20.25 12.42 47.61 29.92 33.93 149.11 98.33 113.11 161.33 338.5 243.86 261.71 151.0 151.0 151.0 151.0 151.0 
Town_H 7.8 6.67 8.42 8.09 10.51 23.84 13.06 17.11 41.11 124.67 24.57 31.14 66.14 226.0 421.0 47.67 59.67 111.0 97.67 117.67 16.75 9.65 19.52 74.47 294.5 401.0 21.55 49.45 23.35 148.53 74.04 64.14 319.5 223.0 253.56 236.89 351.0 346.0 346.0 151.0 151.0 151.0 151.0 151.0 
Leicester_A 10.83 18.78 10.83 36.94 23.25 25.73 109.22 62.89 74.11 110.33 276.0 179.57 195.29 267.67 391.0 151.0 226.0 151.0 151.0 151.0 14.55 6.31 11.4 36.71 187.44 401.0 8.780000000000001 11.27 8.379999999999999 18.05 13.97 19.57 41.33 31.44 43.89 88.56 87.57 73.29 97.57 184.33 152.67 192.67 151.0 151.0 
Plymouth_H 10.61 7.64 9.08 8.17 9.1 21.1 10.83 14.28 31.11 91.78 19.14 22.29 50.29 152.67 311.0 34.0 39.33 69.67 61.33 71.33 25.69 10.82 18.83 57.32 228.67 301.0 30.84 60.86 26.54 157.55 69.7 57.18 233.0 228.67 213.11 235.33 271.0 271.0 266.0 151.0 151.0 151.0 151.0 151.0 
Rotherham_A 6.95 6.44 8.379999999999999 8.07 10.53 24.71 13.5 17.33 44.11 133.56 25.86 33.86 75.43 259.33 401.0 52.67 61.33 114.33 106.0 129.33 15.71 8.76 19.16 79.04 300.75 401.0 20.76 48.6 23.59 149.5 77.0 69.65 257.0 236.89 250.78 259.11 351.0 351.0 351.0 151.0 151.0 151.0 151.0 151.0 
Swansea_H 8.21 7.22 8.370000000000001 8.57 9.83 20.66 13.33 15.44 34.22 95.33 23.86 26.71 56.71 155.17 401.0 46.0 52.67 84.33 91.0 101.0 20.74 9.39 17.62 61.24 256.33000000000004 401.0 24.92 49.63 23.16 137.87 67.07 56.29 294.5 220.22 190.78 218.0 346.0 346.0 346.0 126.0 126.0 126.0 126.0 151.0 
Middlesbrough_H 8.33 8.67 7.9 12.29 11.51 19.75 24.22 22.67 39.44 92.0 48.14 47.43 76.71 196.83 391.0 94.33 91.0 136.0 163.5 209.33 14.99 7.0 13.05 44.89 223.0 401.0 15.48 26.55 14.12 64.53999999999999 34.56 36.4 181.89 115.33 115.89 161.33 346.0 288.5 288.5 151.0 151.0 151.0 151.0 151.0 
Blackburn_A 9.75 10.39 8.16 13.91 11.27 16.509999999999998 26.44 20.61 30.44 65.11 51.0 43.86 61.57 126.0 351.0 91.0 76.33 107.67 209.33 176.0 20.68 8.129999999999999 11.45 32.25 151.33 401.0 17.7 26.72 13.37 55.22 28.61 27.03 150.22 82.44 78.11 103.67 306.0 211.71 208.14 126.0 126.0 126.0 126.0 126.0 
Sunderland_A 8.41 12.04 8.440000000000001 19.62 15.21 20.32 48.0 35.44 52.44 94.22 109.0 89.0 119.57 256.0 401.0 163.5 176.0 163.5 151.0 151.0 14.24 6.42 10.86 36.86 193.56 401.0 10.18 17.41 10.55 33.33 22.54 26.19 98.11 61.89 75.78 120.78 247.43 170.29 188.14 151.0 301.0 151.0 151.0 151.0 
Coventry_H 7.57 7.56 7.85 10.62 11.26 21.46 20.72 22.0 44.0 112.44 43.14 43.86 83.29 239.33 421.0 81.0 84.33 137.67 192.67 192.67 13.77 7.21 15.01 56.03 259.11 401.0 16.04 31.69 17.17 84.28 45.63 46.81 256.33000000000004 161.33 160.78 215.78 346.0 363.5 363.5 151.0 126.0 126.0 151.0 151.0 
Ipswich_H 8.82 9.4 8.02 14.2 12.24 18.9 28.44 24.56 39.89 87.67 60.86 53.14 82.71 201.83 391.0 114.33 111.0 159.33 213.5 188.5 15.44 7.44 12.41 41.7 211.89 401.0 14.0 22.6 12.43 50.87 28.91 30.75 148.0 92.67 95.89 134.67 338.5 279.57 283.14 151.0 151.0 151.0 151.0 151.0 
Preston_A 6.32 7.0 8.02 10.58 12.29 24.84 21.22 24.67 51.89 149.11 45.29 52.43 109.57 276.0 401.0 94.33 109.33 176.0 163.5 188.5 11.55 6.78 16.15 69.74 247.63 401.0 13.99 31.01 17.41 89.01 51.03 54.29 234.11 178.56 190.78 220.22 351.0 376.0 309.33 151.0 151.0 151.0 151.0 151.0 
WestBrom_A 6.46 10.42 9.01 21.17 18.89 31.56 54.67 50.78 86.0 173.56 146.71 141.0 219.57 271.0 301.0 213.5 213.5 313.5 151.0 151.0 9.2 5.94 14.61 71.33 219.5 301.0 8.73 16.11 11.78 39.56 30.11 43.33 123.0 93.44 125.78 214.67 297.43 236.71 322.43 151.0 151.0 151.0 151.0 151.0 
Birmingham_H 8.49 6.72 8.559999999999999 7.81 9.71 22.79 12.06 15.11 35.44 112.44 20.71 25.86 57.43 198.5 331.0 39.33 51.0 91.0 76.33 94.33 19.59 11.0 20.35 73.58 238.25 301.0 25.32 57.18 25.58 172.0 81.88 66.61 257.0 261.89 250.78 231.33 271.0 271.0 271.0 151.0 151.0 151.0 151.0 151.0 
Cardiff_A 6.22 7.17 8.11 11.39 12.53 26.25 24.56 27.78 56.33 149.67 51.71 60.86 119.57 280.17 401.0 101.0 111.0 192.67 213.5 213.5 11.19 6.72 16.16 71.92 250.75 401.0 12.43 26.4 15.6 77.54 45.94 48.98 248.0 162.44 174.11 245.22 351.0 363.5 376.0 151.0 151.0 151.0 151.0 151.0 
Preston_H 7.12 6.1 8.67 7.36 10.6 27.68 11.94 17.11 45.89 150.89 21.57 31.14 79.57 301.0 401.0 44.33 58.0 121.0 91.0 121.0 14.91 9.24 21.95 89.03 310.25 401.0 24.09 55.89 28.92 186.64 93.58 87.45 319.63 285.25 214.78 285.25 351.0 351.0 351.0 151.0 151.0 151.0 151.0 151.0 
Norwich_H 8.34 7.74 8.02 9.35 9.73 18.29 15.13 16.630000000000003 30.63 80.5 28.57 28.57 53.86 155.17 391.0 52.67 54.33 87.67 106.0 107.67 19.12 8.440000000000001 14.99 45.83 247.75 401.0 21.95 40.67 19.81 99.37 47.54 44.63 261.57 169.63 140.88 185.25 351.0 346.0 355.17 151.0 151.0 151.0 151.0 151.0 
Bristol_A 6.01 7.78 8.11 13.29 14.14 28.37 32.11 34.44 65.78 160.22 73.86 82.71 159.57 359.33 301.0 137.67 144.33 213.5 313.5 313.5 9.75 6.15 15.76 70.28 250.75 301.0 10.81 21.55 14.15 60.89 41.12 48.09 193.0 145.78 161.89 211.89 305.17 271.83 288.5 151.0 151.0 151.0 151.0 151.0 
Rotherham_H 7.47 5.42 9.88 6.16 10.97 37.15 8.71 16.939999999999998 55.22 209.11 15.14 26.43 83.29 321.83 401.0 29.67 47.67 117.67 54.33 87.67 17.57 12.78 36.83 165.08 297.14 401.0 31.92 91.63 44.22 193.82 160.77 135.75 297.14 322.63 322.63 322.63 351.0 351.0 351.0 151.0 151.0 151.0 5000 151.0 
Swansea_A 7.75 8.280000000000001 7.93 11.39 11.35 19.9 23.22 22.0 39.44 100.33 46.71 46.71 78.86 215.17 321.0 87.67 87.67 136.0 201.0 201.0 14.83 7.79 13.88 49.58 214.67 301.0 15.08 27.67 14.66 67.64 38.5 37.53 193.0 128.0 128.0 163.56 266.0 263.5 263.5 126.0 126.0 126.0 126.0 126.0 
Plymouth_A 9.76 8.1 8.309999999999999 9.45 9.82 18.83 15.11 15.5 30.67 80.33 26.29 26.86 48.86 134.33 291.0 51.0 51.0 87.67 97.67 104.33 22.86 8.99 15.64 49.46 217.44 401.0 24.28 43.81 21.08 114.46 53.71 46.18 267.44 167.44 149.67 174.67 346.0 266.0 346.83 126.0 151.0 151.0 151.0 151.0 
Leicester_H 7.92 10.78 8.33 17.92 15.05 21.68 45.78 35.11 54.67 100.89 104.71 86.71 126.71 296.83 321.0 184.33 159.33 163.5 151.0 326.0 12.48 6.04 11.87 42.08 220.22 301.0 10.17 17.65 11.22 36.82 24.03 28.2 105.33 68.44 84.22 131.33 290.29 187.43 229.57 151.0 326.0 151.0 151.0 151.0 
Town_A 6.8 7.5 7.82 10.53 11.79 22.06 22.0 22.78 44.78 122.44 47.43 48.14 90.43 263.5 341.0 91.0 94.33 159.33 163.5 163.5 12.68 6.92 14.85 57.65 263.25 301.0 14.4 29.17 16.17 78.88 44.4 45.72 248.0 151.33 152.44 220.78 266.0 288.5 288.5 126.0 126.0 151.0 151.0 151.0 
Stoke_H 7.87 6.99 8.0 9.02 10.38 21.68 15.22 17.39 39.11 112.0 28.67 33.46 68.14 215.17 401.0 51.0 57.67 106.0 112.67 126.0 17.25 8.440000000000001 16.92 63.67 282.0 401.0 21.38 42.1 21.42 117.2 59.78 57.3 282.0 211.89 190.22 245.22 351.0 351.0 363.5 151.0 151.0 151.0 151.0 151.0 
SheffWednesday_A 7.05 7.49 7.99 10.58 11.49 22.0 20.89 22.33 45.33 114.67 45.06 47.91 90.43 263.5 421.0 86.33 97.67 159.33 138.5 163.5 13.18 7.17 15.46 58.85 262.63 401.0 14.79 29.47 16.28 83.09 44.36 45.99 253.56 149.67 149.67 206.89 346.0 363.5 363.5 151.0 151.0 151.0 151.0 151.0 
Millwall_H 6.29 5.73 8.469999999999999 7.59 11.14 29.33 13.08 19.67 54.0 149.83 26.15 37.15 87.5 251.0 401.0 51.0 69.67 129.33 107.67 129.33 12.7 9.31 22.02 91.77 275.6 401.0 19.73 50.23 26.28 146.75 91.61 86.36 275.6 200.6 220.6 210.6 276.0 276.0 276.0 151.0 151.0 151.0 151.0 151.0 
Watford_A 8.07 7.86 7.91 10.48 10.75 20.2 20.11 20.17 39.0 97.0 38.54 40.92 73.14 201.83 401.0 73.0 76.33 127.67 159.33 176.0 16.35 7.49 14.56 50.43 228.56 401.0 17.35 32.03 16.630000000000003 83.56 43.75 42.05 255.78 151.89 139.11 181.89 351.0 321.83 355.17 151.0 151.0 151.0 151.0 151.0 
Hull_H 8.21 7.26 8.04 9.13 10.37 20.93 15.22 17.06 36.0 102.56 28.6 32.97 64.57 198.5 401.0 52.67 57.67 106.0 106.0 122.67 16.09 9.48 17.49 61.13 261.89 401.0 21.65 40.32 20.77 118.86 56.33 54.57 245.22 195.22 179.11 239.67 351.0 346.0 363.5 151.0 151.0 151.0 151.0 151.0 
Coventry_A 8.95 11.13 7.8 16.68 13.24 18.57 36.78 28.78 43.0 79.11 79.0 64.57 89.0 196.83 381.0 151.0 129.33 159.33 151.0 238.5 16.759999999999998 6.56 11.24 35.12 178.56 401.0 11.65 19.43 11.34 38.78 23.52 25.71 112.0 66.89 74.11 114.22 247.43 187.43 201.71 151.0 151.0 151.0 151.0 151.0 
Sunderland_H 8.07 6.98 8.21 8.530000000000001 10.33 21.92 13.83 16.84 38.89 113.0 26.01 30.53 64.57 215.17 421.0 49.33 54.33 104.33 94.33 107.67 17.48 8.79 18.19 67.58 288.25 401.0 23.13 46.22 23.12 137.38 66.62 61.53 307.0 253.56 209.11 231.33 351.0 351.0 346.0 151.0 151.0 151.0 151.0 151.0 
Blackburn_H 7.57 6.84 8.2 8.43 10.41 22.02 14.06 16.96 38.67 113.67 26.23 31.13 68.5 213.14 384.33 54.75 62.5 118.5 111.0 128.5 16.66 8.9 19.01 69.43 238.38 401.0 23.05 46.69 24.58 137.61 69.38 62.91 307.13 253.67 220.33 234.22 351.0 351.0 351.0 151.0 151.0 151.0 151.0 151.0
Middlesbrough_A 8.74 8.75 8.11 11.95 11.47 19.57 23.78 22.22 38.56 92.67 49.75 45.38 75.5 185.29 359.33 106.0 96.0 137.25 207.25 207.25 16.7 7.19 13.09 44.12 242.56 401.0 15.08 26.76 14.16 66.09 35.74 33.56 189.78 115.89 112.67 147.56 346.0 285.38 285.38 151.0 151.0 151.0 151.0 151.0 
QPR_A 7.33 7.85 7.91 11.32 11.47 21.41 22.44 22.44 42.22 104.33 45.38 46.0 83.63 214.57 371.0 98.5 98.5 149.75 207.25 207.25 14.25 7.11 14.33 53.54 234.22 401.0 15.36 28.54 15.67 76.59 42.25 41.69 220.89 134.78 134.78 187.0 338.5 305.17 305.17 151.0 151.0 151.0 151.0 151.0
Southampton_H 9.83 9.0 7.92 11.92 10.42 16.67 19.33 17.33 25.0 51.0 35.33 32.5 46.5 78.0 191.0 67.83 65.33 90.17 146.0 133.5 17.0 8.33 12.25 32.67 104.33 151.0 17.67 26.67 14.5 55.5 31.33 28.67 117.67 71.17 67.83 78.5 142.67 129.75 174.33 167.67 151.0 151.0 151.0 151.0 
Norwich_A 7.67 10.08 8.5 18.0 15.17 22.83 39.0 34.17 47.33 81.83 83.5 75.17 99.5 203.0 151.0 183.0 164.0 194.75 151.0 151.0 10.0 6.17 13.0 45.67 181.83 5000 9.58 14.67 10.67 31.0 22.5 28.67 69.5 52.67 67.0 95.33 164.0 141.83 166.0 151.0 238.5 151.0 176.0 176.0
Norwich_H 6.92 7.33 7.92 10.83 11.5 22.0 19.83 21.5 37.0 80.17 40.67 44.0 72.83 150.0 267.67 86.83 87.67 141.83 136.0 153.5 11.42 7.42 15.17 51.0 173.0 5000 13.17 24.83 15.33 56.17 37.33 39.83 150.17 93.67 94.5 130.17 151.0 207.25 207.25 176.0 201.0 176.0 151.0 151.0 